../../../../../.git/annex/objects/Gj/4k/SHA256E-s768--54108cf7a367b6a1fdb24c933125775e534190614102fb522b74bcd13ae1b46d.csv/SHA256E-s768--54108cf7a367b6a1fdb24c933125775e534190614102fb522b74bcd13ae1b46d.csv