../../../../../../.git/annex/objects/4Q/FG/SHA256E-s324000--373cb20ad2f5f093c2fd0c4116c45114e0982a5e9e287dcd06f2be9a151811df.3.csv/SHA256E-s324000--373cb20ad2f5f093c2fd0c4116c45114e0982a5e9e287dcd06f2be9a151811df.3.csv